46180
46182
46753
46754
46756
46868
46869
46941
47676
47679
47681
47682
46156
46157
46159
46162
46163
47607
47609
47610
46975
46977
46978
47452
47453
47454
47455
47457
47458
47459
47998
48000
48095
48100
48101
48183
48184
48215
48216
48218
48222
48223
48224
48226
48239
48240
48241
48242
47115
47117
47120
48305
48309
48310
46859
46860
46861
48387
48388
48393
48394
48398
48400
48401
48315
48319
48320
48321
48322
48323
48380
48381
45720
45725
45726
48384
48385
48730
48747
48748
48749
48750
48739
48740
48741
48742
48752
48753
48783
48785
48786
48787
48788
48789
48790
48791
48792
48793
48794
47463
47464
47465
47466
47099
47104
47105
47031
47032
47033
47034
47043
47046
48857
48858
48859
46649
46650
46651
49045
49074
49075
49076
47137
47140
47142
45997
46002
46003
49185
49186
49204
49206
46534
46536
46537
46538
46539
46540
46541
46544
49215
49216
49217
49218
49222
49225
49227
49231
49232
49233
49234
46185
46187
46948
46950
46953
46955
46276
46278
46279
46576
46206
46208
46209
46210
46211
46579
46581
46582
46613
46616
46618
46619
46621
46626
46627
46629
46634
46635
46637
46642
46643
46645
46646
46647
46717
46718
46720
46722
46723
46724
46726
46727
46728
46750
46751
46752
46149
46150
46152
46781
46882
46884
46885
46906
46922
46927
46928
46929
46166
46168
46169
46244
46245
46246
46297
46299
46300
46302
46451
46452
46453
46454
47705
49248
49249
49250
49251
49268
49269
49271
46730
46731
46732
46914
46915
47085
47088
47090
47994
47995
47996
49022
48667
48696
48697
48699
48702
48703
48704
48705
48706
48715
48716
48717
48718
48719
48723
48724
48725
48201
48202
48103
48105
48108
48775
48776
48777
48778
48918
48919
48995
48996
48997
48998
49171
49172
49173
47446
47448
47451
45761
45763
47533
47535
47542
47545
47547
47469
47471
47476
47477
47478
47481
47482
47503
47506
48022
48027
48028
48029
48031
48040
48043
48057
48060
48673
48674
48675
48676
48678
48683
48684
47412
47413
47422
47630
47631
47632
47633
47634
48134
48136
48144
47264
47265
47266
47282
47291
47293
48405
47716
47717
47720
47721
47722
47724
47725
47726
47256
47257
47258
47260
47261
47262
47522
47523
49936
49937
50572
50574
51504
51818
51819
51820
51943
51947
49841
51141
51142
51143
51144
52342